Rewrite-lhs-for-regression-quadratic: 1.58709939494007e-06*x^2+-0.00119997422105093*x+0.938269529250092
cbn-regression-cubic: 1.98974737817361e-05*x^3+-0.000138713281739127*x^2+0.013323848902381*x+-0.069357351874996
cbv-regression-quadratic: 2.6239302674195e-07*x^2+2.74937823231769e-05*x+0.0130271877826422
lazy-regression-quadratic: 8.89501751883166e-07*x^2+-0.000157635707252401*x+0.0267044747231855
native-compute(1)-regression-quadratic: 3.71804649854746e-09*x^2+-5.64618732811913e-06*x+0.163426258000538
native-compute(2)-regression-quadratic: 3.7055306152941e-09*x^2+-4.54797393728105e-06*x+0.160824178556605
simpl-regression-cubic: 2.24847605877882e-05*x^3+-0.000175230255473982*x^2+0.0152630608493341*x+-0.0939022585203507
vm-compute-regression-quadratic: 1.50419502711288e-08*x^2+3.09797052281727e-06*x+0.00330941951752642
